      station_name       station_id  water_level (in m)        lat       long
0         AMARWASI  254315075211501                8.05  25.720833  75.354167
1          BARASNI  254530074280001               16.90  25.758333  74.466667
2            BIGOD  251440075023001               12.40  25.244444  75.041667
3          BIJOLIA  251012075192201                9.68  25.170000  75.322778
4           BORANI  254100075200001               17.22  25.683333  75.333333
5          DEVARIA  251700074093001               22.82  25.283333  74.158333
6           GAGEDA  255200074330001               16.34  25.866667  74.550000
7        GANGAPUR1  251300074153501               27.88  25.216667  74.259722
8        GULABPURA  255400074410001               17.98  25.900000  74.683333
9       GULABPURA1  253820075065501               21.85  25.638889  75.115278
10       HAMIRGARH  251050074345001               19.29  25.180556  74.580556
11        JAHAJPUR  253715075163001               16.15  25.620833  75.275000
12    KANCHAN-KALA  254520074542001                8.40  25.755556  74.905556
13          Karera  253100074160001               22.15  25.516667  74.266667
14          KOTARI  252350074533001               14.32  25.397222  74.891667
15          PAROLI  253104075053001                8.00  25.517778  75.091667
16       PITAKHERA  252226074063001               15.20  25.373889  74.108333
17      RAILA ROAD  253800074360001               19.75  25.633333  74.600000
18       SALAWATIA  250650075154001               22.70  25.113889  75.261111
19        SAWAIPUR  251825074520001               28.07  25.306944  74.866667
20          SOPURA  253615074540001               10.88  25.604167  74.900000
21  Taswaria Khurd  253340074480001               18.85  25.561111  74.800000
22          TILOLI  253551074184801                9.25  25.597500  74.313333





      station_name       station_id  water_level (in m)        lat       long
0         AMARWASI  254315075211501                2.35  25.720833  75.354167
1     BANERAMATAJI  252915074420001               17.17  25.487500  74.700000
2          BARASNI  254530074280001               15.48  25.758333  74.466667
3            BIGOD  251440075023001                2.32  25.244444  75.041667
4          BIJOLIA  251012075192201                1.09  25.170000  75.322778
5           BORANI  254100075200001               12.99  25.683333  75.333333
6          DEVARIA  251700074093001               13.70  25.283333  74.158333
7           GAGEDA  255200074330001                7.70  25.866667  74.550000
8        GANGAPUR1  251300074153501               16.55  25.216667  74.259722
9        GULABPURA  255400074410001                9.98  25.900000  74.683333
10      GULABPURA1  253820075065501               10.50  25.638889  75.115278
11        JAHAJPUR  253715075163001               11.62  25.620833  75.275000
12      JIWANLIYAN  253056074332801                9.01  25.515556  74.557778
13    KANCHAN-KALA  254520074542001                3.68  25.755556  74.905556
14          Karera  253100074160001               18.94  25.516667  74.266667
15        KODUKOTA  252230074463001                6.81  25.375000  74.775000
16          KOTARI  252350074533001               11.53  25.397222  74.891667
17     MANDAPIA RS  251610074381501                7.97  25.269444  74.637500
18        NANGPURA  252715074111501               21.22  25.454167  74.187500
19          PAROLI  253104075053001                1.20  25.517778  75.091667
20       PITAKHERA  252226074063001                7.07  25.373889  74.108333
21      RAILA ROAD  253800074360001               17.65  25.633333  74.600000
22       SALAWATIA  250650075154001                1.67  25.113889  75.261111
23        SAWAIPUR  251825074520001               17.95  25.306944  74.866667
24          SOPURA  253615074540001                5.86  25.604167  74.900000
25  Taswaria Khurd  253340074480001               10.85  25.561111  74.800000
26          TILOLI  253551074184801                7.00  25.597500  74.313333





      station_name       station_id  water_level (in m)        lat       long
0         AMARWASI  254315075211501                3.19  25.720833  75.354167
1     BANERAMATAJI  252915074420001               16.53  25.487500  74.700000
2          BARASNI  254530074280001               12.48  25.758333  74.466667
3            BIGOD  251440075023001                2.15  25.244444  75.041667
4          BIJOLIA  251012075192201                0.98  25.170000  75.322778
5           BORANI  254100075200001               12.79  25.683333  75.333333
6          DEVARIA  251700074093001               11.70  25.283333  74.158333
7           GAGEDA  255200074330001                6.29  25.866667  74.550000
8        GANGAPUR1  251300074153501               11.06  25.216667  74.259722
9        GULABPURA  255400074410001                9.21  25.900000  74.683333
10      GULABPURA1  253820075065501                9.80  25.638889  75.115278
11       HAMIRGARH  251050074345001               10.64  25.180556  74.580556
12        JAHAJPUR  253715075163001                7.60  25.620833  75.275000
13      JIWANLIYAN  253056074332801                7.90  25.515556  74.557778
14    KANCHAN-KALA  254520074542001                3.50  25.755556  74.905556
15          Karera  253100074160001               17.74  25.516667  74.266667
16        KODUKOTA  252230074463001                5.20  25.375000  74.775000
17          KOTARI  252350074533001                8.97  25.397222  74.891667
18     MANDAPIA RS  251610074381501                7.73  25.269444  74.637500
19        NANGPURA  252715074111501               18.22  25.454167  74.187500
20          PAROLI  253104075053001                1.50  25.517778  75.091667
21       PITAKHERA  252226074063001                5.50  25.373889  74.108333
22       SALAWATIA  250650075154001                1.50  25.113889  75.261111
23        SAWAIPUR  251825074520001               10.95  25.306944  74.866667
24          SOPURA  253615074540001                6.93  25.604167  74.900000
25  Taswaria Khurd  253340074480001               11.21  25.561111  74.800000
26          TILOLI  253551074184801                3.85  25.597500  74.313333





      station_name       station_id  water_level (in m)        lat       long
0         AMARWASI  254315075211501                4.87  25.720833  75.354167
1     BANERAMATAJI  252915074420001               16.81  25.487500  74.700000
2          BARASNI  254530074280001               13.98  25.758333  74.466667
3            BIGOD  251440075023001                6.79  25.244444  75.041667
4          BIJOLIA  251012075192201                4.80  25.170000  75.322778
5           BORANI  254100075200001               14.53  25.683333  75.333333
6          DEVARIA  251700074093001               17.30  25.283333  74.158333
7           GAGEDA  255200074330001               11.31  25.866667  74.550000
8        GANGAPUR1  251300074153501               19.72  25.216667  74.259722
9        GULABPURA  255400074410001               12.39  25.900000  74.683333
10      GULABPURA1  253820075065501               15.67  25.638889  75.115278
11       HAMIRGARH  251050074345001               14.30  25.180556  74.580556
12        JAHAJPUR  253715075163001               12.30  25.620833  75.275000
13      JIWANLIYAN  253056074332801                9.33  25.515556  74.557778
14    KANCHAN-KALA  254520074542001                5.95  25.755556  74.905556
15          Karera  253100074160001               19.86  25.516667  74.266667
16        KODUKOTA  252230074463001                7.29  25.375000  74.775000
17          KOTARI  252350074533001               11.76  25.397222  74.891667
18     MANDAPIA RS  251610074381501                9.94  25.269444  74.637500
19        NANGPURA  252715074111501               20.17  25.454167  74.187500
20          PAROLI  253104075053001                4.13  25.517778  75.091667
21       PITAKHERA  252226074063001               10.48  25.373889  74.108333
22      RAILA ROAD  253800074360001               17.82  25.633333  74.600000
23       SALAWATIA  250650075154001               12.32  25.113889  75.261111
24        SAWAIPUR  251825074520001               18.41  25.306944  74.866667
25          SOPURA  253615074540001                8.32  25.604167  74.900000
26  Taswaria Khurd  253340074480001               15.15  25.561111  74.800000
27          TILOLI  253551074184801                6.70  25.597500  74.313333





      station_name       station_id  water_level (in m)        lat       long
0         AMARWASI  254315075211501                5.87  25.720833  75.354167
1     BANERAMATAJI  252915074420001               16.72  25.487500  74.700000
2          BARASNI  254530074280001               11.04  25.758333  74.466667
3            BIGOD  251440075023001               10.27  25.244444  75.041667
4          BIJOLIA  251012075192201                7.43  25.170000  75.322778
5           BORANI  254100075200001               15.12  25.683333  75.333333
6          DEVARIA  251700074093001               20.96  25.283333  74.158333
7           GAGEDA  255200074330001               14.92  25.866667  74.550000
8        GANGAPUR1  251300074153501               23.40  25.216667  74.259722
9       GULABPURA1  253820075065501               20.54  25.638889  75.115278
10       HAMIRGARH  251050074345001               12.98  25.180556  74.580556
11        JAHAJPUR  253715075163001               13.84  25.620833  75.275000
12      JIWANLIYAN  253056074332801               11.09  25.515556  74.557778
13    KANCHAN-KALA  254520074542001                8.21  25.755556  74.905556
14          Karera  253100074160001               20.60  25.516667  74.266667
15        KODUKOTA  252230074463001                9.86  25.375000  74.775000
16          KOTARI  252350074533001               12.21  25.397222  74.891667
17     MANDAPIA RS  251610074381501               14.11  25.269444  74.637500
18        NANGPURA  252715074111501               21.06  25.454167  74.187500
19          PAROLI  253104075053001                5.83  25.517778  75.091667
20       PITAKHERA  252226074063001               14.13  25.373889  74.108333
21      RAILA ROAD  253800074360001               16.06  25.633333  74.600000
22       SALAWATIA  250650075154001               23.40  25.113889  75.261111
23        SAWAIPUR  251825074520001               16.68  25.306944  74.866667
24          SOPURA  253615074540001                9.62  25.604167  74.900000
25  Taswaria Khurd  253340074480001               19.69  25.561111  74.800000
26          TILOLI  253551074184801                6.68  25.597500  74.313333












      station_name       station_id  water_level (in m)        lat       long
0         AMARWASI  254315075211501                3.41  25.720833  75.354167
1     BANERAMATAJI  252915074420001               14.93  25.487500  74.700000
2          BARASNI  254530074280001               13.00  25.758333  74.466667
3            BIGOD  251440075023001                4.55  25.244444  75.041667
4          BIJOLIA  251012075192201               13.75  25.170000  75.322778
5           BORANI  254100075200001               10.01  25.683333  75.333333
6          DEVARIA  251700074093001                8.94  25.283333  74.158333
7           GAGEDA  255200074330001                6.86  25.866667  74.550000
8        GANGAPUR1  251300074153501               11.11  25.216667  74.259722
9        GULABPURA  255400074410001               16.41  25.900000  74.683333
10      GULABPURA1  253820075065501               11.88  25.638889  75.115278
11       HAMIRGARH  251050074345001               16.41  25.180556  74.580556
12        JAHAJPUR  253715075163001               15.36  25.620833  75.275000
13      JIWANLIYAN  253056074332801                5.93  25.515556  74.557778
14    KANCHAN-KALA  254520074542001                6.28  25.755556  74.905556
15          Karera  253100074160001               19.80  25.516667  74.266667
16        KODUKOTA  252230074463001               21.25  25.375000  74.775000
17          KOTARI  252350074533001                9.20  25.397222  74.891667
18     MANDALGARH1  251700075053801               16.42  25.283333  75.093889
19     MANDAPIA RS  251610074381501                6.90  25.269444  74.637500
20        NANGPURA  252715074111501               24.45  25.454167  74.187500
21          PAROLI  253104075053001                3.92  25.517778  75.091667
22       PITAKHERA  252226074063001                8.68  25.373889  74.108333
23      RAILA ROAD  253800074360001                6.45  25.633333  74.600000
24       SALAWATIA  250650075154001               17.50  25.113889  75.261111
25        SAWAIPUR  251825074520001               14.05  25.306944  74.866667
26          SOPURA  253615074540001                7.02  25.604167  74.900000
27  Taswaria Khurd  253340074480001               12.49  25.561111  74.800000
28          TILOLI  253551074184801               14.11  25.597500  74.313333





      station_name       station_id  water_level (in m)        lat       long
0         AMARWASI  254315075211501                4.59  25.720833  75.354167
1     BANERAMATAJI  252915074420001               18.68  25.487500  74.700000
2          BARASNI  254530074280001               12.04  25.758333  74.466667
3            BIGOD  251440075023001                8.05  25.244444  75.041667
4          BIJOLIA  251012075192201               19.33  25.170000  75.322778
5           BORANI  254100075200001               11.31  25.683333  75.333333
6       Daulatgarh  253800074164501               11.10  25.633333  74.279167
7          DEVARIA  251700074093001                9.70  25.283333  74.158333
8           GAGEDA  255200074330001               10.88  25.866667  74.550000
9        GANGAPUR1  251300074153501               17.88  25.216667  74.259722
10       GULABPURA  255400074410001               15.15  25.900000  74.683333
11      GULABPURA1  253820075065501               11.48  25.638889  75.115278
12       HAMIRGARH  251050074345001               18.49  25.180556  74.580556
13        JAHAJPUR  253715075163001               17.67  25.620833  75.275000
14      JIWANLIYAN  253056074332801               15.63  25.515556  74.557778
15    KANCHAN-KALA  254520074542001                3.25  25.755556  74.905556
16          Karera  253100074160001               22.25  25.516667  74.266667
17          KOTARI  252350074533001               11.67  25.397222  74.891667
18     MANDALGARH1  251700075053801               18.10  25.283333  75.093889
19     MANDAPIA RS  251610074381501                9.90  25.269444  74.637500
20        NANGPURA  252715074111501               23.08  25.454167  74.187500
21        Parasoli  254650074203001               27.30  25.780556  74.341667
22          PAROLI  253104075053001                3.12  25.517778  75.091667
23       PITAKHERA  252226074063001                9.06  25.373889  74.108333
24      RAILA ROAD  253800074360001                8.97  25.633333  74.600000
25       SALAWATIA  250650075154001               20.36  25.113889  75.261111
26        SAWAIPUR  251825074520001               19.22  25.306944  74.866667
27          SOPURA  253615074540001                9.34  25.604167  74.900000
28  Taswaria Khurd  253340074480001               12.70  25.561111  74.800000
29          TILOLI  253551074184801               10.35  25.597500  74.313333





      station_name       station_id  water_level (in m)        lat       long
0         AMARWASI  254315075211501                1.85  25.720833  75.354167
1     BANERAMATAJI  252915074420001               11.04  25.487500  74.700000
2            BIGOD  251440075023001                2.10  25.244444  75.041667
3          BIJOLIA  251012075192201               13.07  25.170000  75.322778
4           BORANI  254100075200001                9.33  25.683333  75.333333
5       Daulatgarh  253800074164501                3.10  25.633333  74.279167
6          DEVARIA  251700074093001                9.30  25.283333  74.158333
7        GULABPURA  255400074410001                8.21  25.900000  74.683333
8       GULABPURA1  253820075065501                7.96  25.638889  75.115278
9        HAMIRGARH  251050074345001                9.49  25.180556  74.580556
10        JAHAJPUR  253715075163001               13.54  25.620833  75.275000
11      JIWANLIYAN  253056074332801               14.40  25.515556  74.557778
12    KANCHAN-KALA  254520074542001                1.74  25.755556  74.905556
13          Karera  253100074160001               19.11  25.516667  74.266667
14        KODUKOTA  252230074463001               18.52  25.375000  74.775000
15          KOTARI  252350074533001                8.68  25.397222  74.891667
16     MANDALGARH1  251700075053801               10.50  25.283333  75.093889
17     MANDAPIA RS  251610074381501                2.74  25.269444  74.637500
18        NANGPURA  252715074111501               17.68  25.454167  74.187500
19        Parasoli  254650074203001               25.15  25.780556  74.341667
20          PAROLI  253104075053001                0.85  25.517778  75.091667
21       PITAKHERA  252226074063001                8.63  25.373889  74.108333
22       SALAWATIA  250650075154001               16.73  25.113889  75.261111
23        SAWAIPUR  251825074520001                7.45  25.306944  74.866667
24          SOPURA  253615074540001                7.97  25.604167  74.900000
25  Taswaria Khurd  253340074480001                9.82  25.561111  74.800000





      station_name       station_id  water_level (in m)        lat       long
0         AMARWASI  254315075211501                3.02  25.720833  75.354167
1           BADNOR  255000074170001               27.68  25.833333  74.283333
2     BANERAMATAJI  252915074420001               13.79  25.487500  74.700000
3          BARASNI  254530074280001               11.48  25.758333  74.466667
4            BIGOD  251440075023001                5.41  25.244444  75.041667
5          BIJOLIA  251012075192201               14.46  25.170000  75.322778
6           BORANI  254100075200001                9.47  25.683333  75.333333
7       Daulatgarh  253800074164501                5.60  25.633333  74.279167
8          DEVARIA  251700074093001                9.31  25.283333  74.158333
9           GAGEDA  255200074330001                8.84  25.866667  74.550000
10       GANGAPUR1  251300074153501               13.49  25.216667  74.259722
11       GULABPURA  255400074410001               12.52  25.900000  74.683333
12      GULABPURA1  253820075065501               10.05  25.638889  75.115278
13       HAMIRGARH  251050074345001               14.20  25.180556  74.580556
14        JAHAJPUR  253715075163001               14.56  25.620833  75.275000
15      JIWANLIYAN  253056074332801               12.28  25.515556  74.557778
16    KANCHAN-KALA  254520074542001                3.35  25.755556  74.905556
17          Karera  253100074160001               19.42  25.516667  74.266667
18        KODUKOTA  252230074463001               17.77  25.375000  74.775000
19          KOTARI  252350074533001                8.84  25.397222  74.891667
20     MANDALGARH1  251700075053801               15.01  25.283333  75.093889
21     MANDAPIA RS  251610074381501                6.16  25.269444  74.637500
22        NANGPURA  252715074111501               19.80  25.454167  74.187500
23        Parasoli  254650074203001               25.06  25.780556  74.341667
24          PAROLI  253104075053001                2.24  25.517778  75.091667
25       PITAKHERA  252226074063001                8.45  25.373889  74.108333
26      RAILA ROAD  253800074360001                6.82  25.633333  74.600000
27       SALAWATIA  250650075154001               17.28  25.113889  75.261111
28        SAWAIPUR  251825074520001               12.56  25.306944  74.866667
29          SOPURA  253615074540001                8.53  25.604167  74.900000
30  Taswaria Khurd  253340074480001               10.97  25.561111  74.800000
31          TILOLI  253551074184801                8.50  25.597500  74.313333





      station_name       station_id  water_level (in m)        lat       long
0         AMARWASI  254315075211501                2.22  25.720833  75.354167
1           BADNOR  255000074170001               27.68  25.833333  74.283333
2     BANERAMATAJI  252915074420001               10.50  25.487500  74.700000
3          BARASNI  254530074280001                9.40  25.758333  74.466667
4            BIGOD  251440075023001                6.92  25.244444  75.041667
5          BIJOLIA  251012075192201               11.68  25.170000  75.322778
6           BORANI  254100075200001                7.22  25.683333  75.333333
7       Daulatgarh  253800074164501                2.60  25.633333  74.279167
8           GAGEDA  255200074330001                8.77  25.866667  74.550000
9        GANGAPUR1  251300074153501               11.48  25.216667  74.259722
10       GULABPURA  255400074410001               10.31  25.900000  74.683333
11      GULABPURA1  253820075065501                8.87  25.638889  75.115278
12       HAMIRGARH  251050074345001               12.39  25.180556  74.580556
13        JAHAJPUR  253715075163001               11.66  25.620833  75.275000
14      JIWANLIYAN  253056074332801               13.14  25.515556  74.557778
15    KANCHAN-KALA  254520074542001                2.12  25.755556  74.905556
16          Karera  253100074160001               16.50  25.516667  74.266667
17        KODUKOTA  252230074463001               13.53  25.375000  74.775000
18          KOTARI  252350074533001                5.80  25.397222  74.891667
19     MANDAPIA RS  251610074381501                5.10  25.269444  74.637500
20        NANGPURA  252715074111501               13.98  25.454167  74.187500
21        Parasoli  254650074203001               22.73  25.780556  74.341667
22          PAROLI  253104075053001                1.06  25.517778  75.091667
23       PITAKHERA  252226074063001                7.44  25.373889  74.108333
24      RAILA ROAD  253800074360001                5.05  25.633333  74.600000
25       SALAWATIA  250650075154001               14.53  25.113889  75.261111
26        SAWAIPUR  251825074520001                9.53  25.306944  74.866667
27          SOPURA  253615074540001                9.78  25.604167  74.900000
28  Taswaria Khurd  253340074480001                8.86  25.561111  74.800000
29          TILOLI  253551074184801                1.05  25.597500  74.313333












Empty DataFrame
Columns: [station_name, station_id, water_level (in m), lat, long]
Index: []





      station_name       station_id  water_level (in m)        lat       long
0         AMARWASI  254315075211501                2.89  25.720833  75.354167
1           BADNOR  255000074170001               13.98  25.833333  74.283333
2     BANERAMATAJI  252915074420001               17.24  25.487500  74.700000
3          BARASNI  254530074280001               13.40  25.758333  74.466667
4            BIGOD  251440075023001               10.00  25.244444  75.041667
5          BIJOLIA  251012075192201                7.13  25.170000  75.322778
6           BORANI  254100075200001               16.54  25.683333  75.333333
7          DEVARIA  251700074093001               25.00  25.283333  74.158333
8           GAGEDA  255200074330001               11.39  25.866667  74.550000
9        GANGAPUR1  251300074153501               20.68  25.216667  74.259722
10       GULABPURA  255400074410001               17.81  25.900000  74.683333
11      GULABPURA1  253820075065501                4.70  25.638889  75.115278
12       HAMIRGARH  251050074345001               19.09  25.180556  74.580556
13        JAHAJPUR  253715075163001                7.75  25.620833  75.275000
14      JIWANLIYAN  253056074332801                8.58  25.515556  74.557778
15    KANCHAN-KALA  254520074542001                4.70  25.755556  74.905556
16        KODUKOTA  252230074463001               18.25  25.375000  74.775000
17          KOTARI  252350074533001                9.47  25.397222  74.891667
18     MANDALGARH1  251700075053801               21.92  25.283333  75.093889
19     MANDAPIA RS  251610074381501                9.55  25.269444  74.637500
20          PAROLI  253104075053001                7.70  25.517778  75.091667
21       PITAKHERA  252226074063001               23.30  25.373889  74.108333
22      RAILA ROAD  253800074360001               15.95  25.633333  74.600000
23       SALAWATIA  250650075154001               29.75  25.113889  75.261111
24        Sawaipur  251830074500001               14.15  25.308333  74.833333
25        SAWAIPUR  251825074520001               14.85  25.306944  74.866667
26          SOPURA  253615074540001                6.62  25.604167  74.900000
27         SUWANA1  252100074420001               21.30  25.350000  74.700000
28  Taswaria Khurd  253340074480001               14.63  25.561111  74.800000
29          TILOLI  253551074184801                1.25  25.597500  74.313333





      station_name       station_id  water_level (in m)        lat       long
0         AMARWASI  254315075211501                1.59  25.720833  75.354167
1           BADNOR  255000074170001                5.77  25.833333  74.283333
2     BANERAMATAJI  252915074420001                8.85  25.487500  74.700000
3          BARASNI  254530074280001                7.46  25.758333  74.466667
4            BIGOD  251440075023001                6.38  25.244444  75.041667
5          BIJOLIA  251012075192201                3.86  25.170000  75.322778
6           BORANI  254100075200001               11.79  25.683333  75.333333
7          DEVARIA  251700074093001               10.63  25.283333  74.158333
8           GAGEDA  255200074330001                4.52  25.866667  74.550000
9        GANGAPUR1  251300074153501                7.28  25.216667  74.259722
10       GULABPURA  255400074410001                3.98  25.900000  74.683333
11      GULABPURA1  253820075065501                7.82  25.638889  75.115278
12       HAMIRGARH  251050074345001               11.44  25.180556  74.580556
13        JAHAJPUR  253715075163001                6.75  25.620833  75.275000
14      JIWANLIYAN  253056074332801                7.12  25.515556  74.557778
15    KANCHAN-KALA  254520074542001                2.56  25.755556  74.905556
16        KODUKOTA  252230074463001               11.53  25.375000  74.775000
17          KOTARI  252350074533001                4.64  25.397222  74.891667
18     MANDALGARH1  251700075053801                4.73  25.283333  75.093889
19     MANDAPIA RS  251610074381501                3.59  25.269444  74.637500
20        NANGPURA  252715074111501                7.36  25.454167  74.187500
21          PAROLI  253104075053001                7.26  25.517778  75.091667
22       PITAKHERA  252226074063001                2.63  25.373889  74.108333
23      RAILA ROAD  253800074360001                4.38  25.633333  74.600000
24       SALAWATIA  250650075154001               11.48  25.113889  75.261111
25        SAWAIPUR  251825074520001                8.17  25.306944  74.866667
26          SOPURA  253615074540001                9.33  25.604167  74.900000
27  Taswaria Khurd  253340074480001                6.30  25.561111  74.800000
28          TILOLI  253551074184801                0.68  25.597500  74.313333





      station_name       station_id  water_level (in m)        lat       long
0         AMARWASI  254315075211501                2.22  25.720833  75.354167
1           BADNOR  255000074170001               10.64  25.833333  74.283333
2     BANERAMATAJI  252915074420001               12.70  25.487500  74.700000
3          BARASNI  254530074280001                9.84  25.758333  74.466667
4            BIGOD  251440075023001                6.35  25.244444  75.041667
5          BIJOLIA  251012075192201                7.51  25.170000  75.322778
6           BORANI  254100075200001               11.65  25.683333  75.333333
7          DEVARIA  251700074093001               15.24  25.283333  74.158333
8           GAGEDA  255200074330001                6.54  25.866667  74.550000
9        GANGAPUR1  251300074153501               13.01  25.216667  74.259722
10       GULABPURA  255400074410001                9.80  25.900000  74.683333
11      GULABPURA1  253820075065501                7.54  25.638889  75.115278
12       HAMIRGARH  251050074345001               15.41  25.180556  74.580556
13        JAHAJPUR  253715075163001                8.52  25.620833  75.275000
14      JIWANLIYAN  253056074332801                9.21  25.515556  74.557778
15    KANCHAN-KALA  254520074542001                3.12  25.755556  74.905556
16          Karera  253100074160001               15.50  25.516667  74.266667
17        KODUKOTA  252230074463001               14.37  25.375000  74.775000
18          KOTARI  252350074533001                6.59  25.397222  74.891667
19     MANDALGARH1  251700075053801               16.19  25.283333  75.093889
20     MANDAPIA RS  251610074381501                6.40  25.269444  74.637500
21        NANGPURA  252715074111501                7.36  25.454167  74.187500
22          PAROLI  253104075053001                5.34  25.517778  75.091667
23       PITAKHERA  252226074063001               11.12  25.373889  74.108333
24      RAILA ROAD  253800074360001                9.12  25.633333  74.600000
25       SALAWATIA  250650075154001               18.58  25.113889  75.261111
26        Sawaipur  251830074500001               13.38  25.308333  74.833333
27        SAWAIPUR  251825074520001               10.82  25.306944  74.866667
28          SOPURA  253615074540001                8.54  25.604167  74.900000
29         SUWANA1  252100074420001               21.30  25.350000  74.700000
30  Taswaria Khurd  253340074480001               11.33  25.561111  74.800000
31          TILOLI  253551074184801                3.33  25.597500  74.313333





      station_name       station_id  water_level (in m)        lat       long
0         AMARWASI  254315075211501                2.17  25.720833  75.354167
1           BADNOR  255000074170001               12.18  25.833333  74.283333
2     BANERAMATAJI  252915074420001               12.00  25.487500  74.700000
3          BARASNI  254530074280001                8.66  25.758333  74.466667
4            BIGOD  251440075023001                2.67  25.244444  75.041667
5          BIJOLIA  251012075192201               11.53  25.170000  75.322778
6           BORANI  254100075200001                6.61  25.683333  75.333333
7          DEVARIA  251700074093001               10.10  25.283333  74.158333
8           GAGEDA  255200074330001                3.71  25.866667  74.550000
9        GANGAPUR1  251300074153501               11.08  25.216667  74.259722
10       GULABPURA  255400074410001                7.61  25.900000  74.683333
11      GULABPURA1  253820075065501               10.10  25.638889  75.115278
12       HAMIRGARH  251050074345001               15.70  25.180556  74.580556
13        JAHAJPUR  253715075163001               11.06  25.620833  75.275000
14      JIWANLIYAN  253056074332801               11.94  25.515556  74.557778
15    KANCHAN-KALA  254520074542001                2.10  25.755556  74.905556
16          Karera  253100074160001               15.50  25.516667  74.266667
17        KODUKOTA  252230074463001               13.33  25.375000  74.775000
18          KOTARI  252350074533001                5.67  25.397222  74.891667
19     MANDALGARH1  251700075053801               21.92  25.283333  75.093889
20     MANDAPIA RS  251610074381501                6.05  25.269444  74.637500
21          PAROLI  253104075053001                1.06  25.517778  75.091667
22       PITAKHERA  252226074063001                7.44  25.373889  74.108333
23      RAILA ROAD  253800074360001                7.03  25.633333  74.600000
24       SALAWATIA  250650075154001               14.50  25.113889  75.261111
25        Sawaipur  251830074500001               12.60  25.308333  74.833333
26        SAWAIPUR  251825074520001                9.43  25.306944  74.866667
27          SOPURA  253615074540001                9.68  25.604167  74.900000
28  Taswaria Khurd  253340074480001               13.05  25.561111  74.800000
29          TILOLI  253551074184801                8.06  25.597500  74.313333












      station_name       station_id  water_level (in m)        lat       long
0         AMARWASI  254315075211501                1.72  25.720833  75.354167
1           BADNOR  255000074170001                4.42  25.833333  74.283333
2     BANERAMATAJI  252915074420001               14.88  25.487500  74.700000
3          BARASNI  254530074280001               10.70  25.758333  74.466667
4            BIGOD  251440075023001                6.40  25.244444  75.041667
5          BIJOLIA  251012075192201                5.59  25.170000  75.322778
6           BORANI  254100075200001                9.34  25.683333  75.333333
7          DEVARIA  251700074093001               13.34  25.283333  74.158333
8           GAGEDA  255200074330001                6.31  25.866667  74.550000
9        GANGAPUR1  251300074153501               15.32  25.216667  74.259722
10       GULABPURA  255400074410001                5.81  25.900000  74.683333
11      GULABPURA1  253820075065501                6.83  25.638889  75.115278
12       HAMIRGARH  251050074345001                9.35  25.180556  74.580556
13        JAHAJPUR  253715075163001                6.71  25.620833  75.275000
14      JIWANLIYAN  253056074332801                7.58  25.515556  74.557778
15    KANCHAN-KALA  254520074542001                2.18  25.755556  74.905556
16          Karera  253100074160001               15.73  25.516667  74.266667
17        KODUKOTA  252230074463001                9.49  25.375000  74.775000
18          KOTARI  252350074533001                6.68  25.397222  74.891667
19     MANDALGARH1  251700075053801                4.73  25.283333  75.093889
20     MANDAPIA RS  251610074381501                7.88  25.269444  74.637500
21        NANGPURA  252715074111501               17.50  25.454167  74.187500
22          PAROLI  253104075053001                4.00  25.517778  75.091667
23       PITAKHERA  252226074063001               11.77  25.373889  74.108333
24      RAILA ROAD  253800074360001               15.11  25.633333  74.600000
25       SALAWATIA  250650075154001               16.63  25.113889  75.261111
26        Sawaipur  251830074500001               18.17  25.308333  74.833333
27        SAWAIPUR  251825074520001               13.46  25.306944  74.866667
28          SOPURA  253615074540001                7.39  25.604167  74.900000
29         SUWANA1  252100074420001                5.05  25.350000  74.700000
30  Taswaria Khurd  253340074480001                9.11  25.561111  74.800000
31          TILOLI  253551074184801                3.58  25.597500  74.313333





      station_name       station_id  water_level (in m)        lat       long
0         AMARWASI  254315075211501                1.78  25.720833  75.354167
1           BADNOR  255000074170001                1.37  25.833333  74.283333
2     BANERAMATAJI  252915074420001                9.38  25.487500  74.700000
3          BARASNI  254530074280001                0.40  25.758333  74.466667
4            BIGOD  251440075023001                6.71  25.244444  75.041667
5          BIJOLIA  251012075192201                6.08  25.170000  75.322778
6          DEVARIA  251700074093001               13.06  25.283333  74.158333
7           GAGEDA  255200074330001                3.81  25.866667  74.550000
8        GANGAPUR1  251300074153501               10.69  25.216667  74.259722
9        GULABPURA  255400074410001                4.91  25.900000  74.683333
10      GULABPURA1  253820075065501                8.06  25.638889  75.115278
11       HAMIRGARH  251050074345001               11.74  25.180556  74.580556
12        JAHAJPUR  253715075163001                7.16  25.620833  75.275000
13      JIWANLIYAN  253056074332801                6.55  25.515556  74.557778
14    KANCHAN-KALA  254520074542001                1.83  25.755556  74.905556
15        KODUKOTA  252230074463001                4.44  25.375000  74.775000
16          KOTARI  252350074533001                5.89  25.397222  74.891667
17     MANDAPIA RS  251610074381501                5.76  25.269444  74.637500
18        NANGPURA  252715074111501               12.84  25.454167  74.187500
19          PAROLI  253104075053001                7.72  25.517778  75.091667
20       PITAKHERA  252226074063001                6.46  25.373889  74.108333
21      RAILA ROAD  253800074360001                4.50  25.633333  74.600000
22       SALAWATIA  250650075154001               13.99  25.113889  75.261111
23        SAWAIPUR  251825074520001               12.81  25.306944  74.866667
24          SOPURA  253615074540001                9.58  25.604167  74.900000
25         SUWANA1  252100074420001                5.05  25.350000  74.700000
26  Taswaria Khurd  253340074480001                8.06  25.561111  74.800000
27          TILOLI  253551074184801                0.01  25.597500  74.313333





      station_name       station_id  water_level (in m)        lat       long
0         AMARWASI  254315075211501                0.77  25.720833  75.354167
1           BADNOR  255000074170001                1.08  25.833333  74.283333
2     BANERAMATAJI  252915074420001               16.34  25.487500  74.700000
3          BARASNI  254530074280001               13.21  25.758333  74.466667
4            BIGOD  251440075023001                4.70  25.244444  75.041667
5          BIJOLIA  251012075192201                5.90  25.170000  75.322778
6           BORANI  254100075200001                7.82  25.683333  75.333333
7          DEVARIA  251700074093001               11.88  25.283333  74.158333
8           GAGEDA  255200074330001                7.52  25.866667  74.550000
9        GANGAPUR1  251300074153501               16.78  25.216667  74.259722
10       GULABPURA  255400074410001                2.15  25.900000  74.683333
11      GULABPURA1  253820075065501                4.23  25.638889  75.115278
12       HAMIRGARH  251050074345001                6.27  25.180556  74.580556
13        JAHAJPUR  253715075163001                6.85  25.620833  75.275000
14      JIWANLIYAN  253056074332801                5.30  25.515556  74.557778
15    KANCHAN-KALA  254520074542001                1.10  25.755556  74.905556
16          Karera  253100074160001               16.02  25.516667  74.266667
17        KODUKOTA  252230074463001                5.17  25.375000  74.775000
18          KOTARI  252350074533001                6.27  25.397222  74.891667
19     MANDAPIA RS  251610074381501                8.03  25.269444  74.637500
20        NANGPURA  252715074111501               18.86  25.454167  74.187500
21          PAROLI  253104075053001                1.85  25.517778  75.091667
22       PITAKHERA  252226074063001               13.00  25.373889  74.108333
23      RAILA ROAD  253800074360001               16.63  25.633333  74.600000
24       SALAWATIA  250650075154001               14.06  25.113889  75.261111
25        Sawaipur  251830074500001               17.83  25.308333  74.833333
26        SAWAIPUR  251825074520001               12.92  25.306944  74.866667
27          SOPURA  253615074540001                5.04  25.604167  74.900000
28  Taswaria Khurd  253340074480001                7.84  25.561111  74.800000
29          TILOLI  253551074184801                0.40  25.597500  74.313333





      station_name       station_id  water_level (in m)        lat       long
0         AMARWASI  254315075211501                3.38  25.720833  75.354167
1           BADNOR  255000074170001               13.98  25.833333  74.283333
2     BANERAMATAJI  252915074420001               17.60  25.487500  74.700000
3          BARASNI  254530074280001               16.43  25.758333  74.466667
4            BIGOD  251440075023001               10.00  25.244444  75.041667
5          BIJOLIA  251012075192201                7.06  25.170000  75.322778
6           BORANI  254100075200001               17.34  25.683333  75.333333
7          DEVARIA  251700074093001               16.60  25.283333  74.158333
8           GAGEDA  255200074330001               10.14  25.866667  74.550000
9        GANGAPUR1  251300074153501               18.44  25.216667  74.259722
10       GULABPURA  255400074410001               12.46  25.900000  74.683333
11      GULABPURA1  253820075065501               10.80  25.638889  75.115278
12       HAMIRGARH  251050074345001               12.99  25.180556  74.580556
13        JAHAJPUR  253715075163001                8.80  25.620833  75.275000
14      JIWANLIYAN  253056074332801               13.30  25.515556  74.557778
15    KANCHAN-KALA  254520074542001                5.01  25.755556  74.905556
16          Karera  253100074160001               18.90  25.516667  74.266667
17        KODUKOTA  252230074463001               10.10  25.375000  74.775000
18          KOTARI  252350074533001                8.62  25.397222  74.891667
19     MANDALGARH1  251700075053801                4.73  25.283333  75.093889
20     MANDAPIA RS  251610074381501               10.03  25.269444  74.637500
21        NANGPURA  252715074111501               20.68  25.454167  74.187500
22          PAROLI  253104075053001                4.53  25.517778  75.091667
23       PITAKHERA  252226074063001               14.59  25.373889  74.108333
24      RAILA ROAD  253800074360001               24.15  25.633333  74.600000
25       SALAWATIA  250650075154001               24.50  25.113889  75.261111
26        Sawaipur  251830074500001               18.50  25.308333  74.833333
27        SAWAIPUR  251825074520001               16.00  25.306944  74.866667
28          SOPURA  253615074540001                8.73  25.604167  74.900000
29  Taswaria Khurd  253340074480001               12.77  25.561111  74.800000
30          TILOLI  253551074184801               13.44  25.597500  74.313333





      station_name       station_id  water_level (in m)        lat       long
0         AMARWASI  254315075211501                0.93  25.720833  75.354167
1           BADNOR  255000074170001                1.26  25.833333  74.283333
2     BANERAMATAJI  252915074420001               16.21  25.487500  74.700000
3          BARASNI  254530074280001               12.76  25.758333  74.466667
4            BIGOD  251440075023001                4.20  25.244444  75.041667
5          BIJOLIA  251012075192201                3.33  25.170000  75.322778
6           BORANI  254100075200001                2.87  25.683333  75.333333
7          DEVARIA  251700074093001               11.80  25.283333  74.158333
8           GAGEDA  255200074330001                3.78  25.866667  74.550000
9        GANGAPUR1  251300074153501               15.36  25.216667  74.259722
10       GULABPURA  255400074410001                3.73  25.900000  74.683333
11      GULABPURA1  253820075065501                4.22  25.638889  75.115278
12       HAMIRGARH  251050074345001                6.41  25.180556  74.580556
13        JAHAJPUR  253715075163001                4.04  25.620833  75.275000
14      JIWANLIYAN  253056074332801                5.16  25.515556  74.557778
15    KANCHAN-KALA  254520074542001                0.78  25.755556  74.905556
16          Karera  253100074160001               12.27  25.516667  74.266667
17        KODUKOTA  252230074463001               18.25  25.375000  74.775000
18          KOTARI  252350074533001                5.93  25.397222  74.891667
19     MANDAPIA RS  251610074381501                7.70  25.269444  74.637500
20        NANGPURA  252715074111501               17.63  25.454167  74.187500
21          PAROLI  253104075053001                1.90  25.517778  75.091667
22       PITAKHERA  252226074063001               13.03  25.373889  74.108333
23      RAILA ROAD  253800074360001               15.15  25.633333  74.600000
24       SALAWATIA  250650075154001               13.98  25.113889  75.261111
25        SAWAIPUR  251825074520001               12.10  25.306944  74.866667
26          SOPURA  253615074540001                6.20  25.604167  74.900000
27  Taswaria Khurd  253340074480001                7.75  25.561111  74.800000
28          TILOLI  253551074184801                0.45  25.597500  74.313333












      station_name       station_id  water_level (in m)        lat       long
0         AMARWASI  254315075211501                1.19  25.720833  75.354167
1           BADNOR  255000074170001                0.72  25.833333  74.283333
2     BANERAMATAJI  252915074420001               11.30  25.487500  74.700000
3          BARASNI  254530074280001                3.38  25.758333  74.466667
4            BIGOD  251440075023001                7.00  25.244444  75.041667
5          BIJOLIA  251012075192201                3.65  25.170000  75.322778
6           BORANI  254100075200001               12.99  25.683333  75.333333
7        Dahimatha  253140074180301               23.23  25.527778  74.300833
8          DEVARIA  251700074093001               15.85  25.283333  74.158333
9           GAGEDA  255200074330001                4.06  25.866667  74.550000
10       GANGAPUR1  251300074153501                5.38  25.216667  74.259722
11       GULABPURA  255400074410001                3.33  25.900000  74.683333
12      GULABPURA1  253820075065501                9.00  25.638889  75.115278
13       HAMIRGARH  251050074345001               13.72  25.180556  74.580556
14        JAHAJPUR  253715075163001                4.30  25.620833  75.275000
15      JIWANLIYAN  253056074332801                6.27  25.515556  74.557778
16    KANCHAN-KALA  254520074542001                0.70  25.755556  74.905556
17          Karera  253100074160001               15.44  25.516667  74.266667
18        KODUKOTA  252230074463001                2.85  25.375000  74.775000
19          KOTARI  252350074533001                7.19  25.397222  74.891667
20         Ladpura  250915075071701                4.91  25.154167  75.121389
21     MANDAPIA RS  251610074381501                7.66  25.269444  74.637500
22        NANGPURA  252715074111501               13.08  25.454167  74.187500
23          PAROLI  253104075053001                1.20  25.517778  75.091667
24       PITAKHERA  252226074063001                2.73  25.373889  74.108333
25      RAILA ROAD  253800074360001                5.99  25.633333  74.600000
26       SALAWATIA  250650075154001               17.73  25.113889  75.261111
27        SAWAIPUR  251825074520001               11.80  25.306944  74.866667
28          SOPURA  253615074540001                4.60  25.604167  74.900000
29  Taswaria Khurd  253340074480001                8.47  25.561111  74.800000
30          TILOLI  253551074184801                0.05  25.597500  74.313333





      station_name       station_id  water_level (in m)        lat       long
0         AMARWASI  254315075211501                0.94  25.720833  75.354167
1           BADNOR  255000074170001                1.38  25.833333  74.283333
2     BANERAMATAJI  252915074420001                9.05  25.487500  74.700000
3          BARASNI  254530074280001                4.36  25.758333  74.466667
4            BIGOD  251440075023001                3.15  25.244444  75.041667
5          BIJOLIA  251012075192201                1.98  25.170000  75.322778
6           BORANI  254100075200001                3.89  25.683333  75.333333
7          DEVARIA  251700074093001               16.14  25.283333  74.158333
8           GAGEDA  255200074330001                5.54  25.866667  74.550000
9        GANGAPUR1  251300074153501                7.48  25.216667  74.259722
10       GULABPURA  255400074410001                2.46  25.900000  74.683333
11      GULABPURA1  253820075065501                7.40  25.638889  75.115278
12       HAMIRGARH  251050074345001               10.99  25.180556  74.580556
13        JAHAJPUR  253715075163001                4.10  25.620833  75.275000
14      JIWANLIYAN  253056074332801                7.90  25.515556  74.557778
15    KANCHAN-KALA  254520074542001                1.70  25.755556  74.905556
16          Karera  253100074160001               13.80  25.516667  74.266667
17        KODUKOTA  252230074463001                2.45  25.375000  74.775000
18          KOTARI  252350074533001                5.12  25.397222  74.891667
19     MANDAPIA RS  251610074381501                4.60  25.269444  74.637500
20        NANGPURA  252715074111501               14.88  25.454167  74.187500
21          PAROLI  253104075053001                0.80  25.517778  75.091667
22       PITAKHERA  252226074063001                3.60  25.373889  74.108333
23      RAILA ROAD  253800074360001                4.55  25.633333  74.600000
24       SALAWATIA  250650075154001                7.20  25.113889  75.261111
25        SAWAIPUR  251825074520001                6.73  25.306944  74.866667
26          SOPURA  253615074540001                3.33  25.604167  74.900000
27  Taswaria Khurd  253340074480001                5.95  25.561111  74.800000
28          TILOLI  253551074184801                0.60  25.597500  74.313333





      station_name       station_id  water_level (in m)        lat       long
0         AMARWASI  254315075211501                3.40  25.720833  75.354167
1     BANERAMATAJI  252915074420001               18.30  25.487500  74.700000
2          BARASNI  254530074280001               15.68  25.758333  74.466667
3            BIGOD  251440075023001               10.20  25.244444  75.041667
4          BIJOLIA  251012075192201                8.13  25.170000  75.322778
5           BORANI  254100075200001               17.49  25.683333  75.333333
6          DEVARIA  251700074093001                9.50  25.283333  74.158333
7        GANGAPUR1  251300074153501               14.58  25.216667  74.259722
8        GULABPURA  255400074410001                8.46  25.900000  74.683333
9       GULABPURA1  253820075065501                8.30  25.638889  75.115278
10       HAMIRGARH  251050074345001                7.49  25.180556  74.580556
11        JAHAJPUR  253715075163001               14.25  25.620833  75.275000
12          Karera  253100074160001               20.20  25.516667  74.266667
13        KODUKOTA  252230074463001               10.19  25.375000  74.775000
14          KOTARI  252350074533001               10.87  25.397222  74.891667
15     MANDAPIA RS  251610074381501                8.00  25.269444  74.637500
16        NANGPURA  252715074111501               12.38  25.454167  74.187500
17          PAROLI  253104075053001                4.90  25.517778  75.091667
18      RAILA ROAD  253800074360001               19.15  25.633333  74.600000
19       SALAWATIA  250650075154001               15.60  25.113889  75.261111
20        Sawaipur  251830074500001               21.60  25.308333  74.833333
21        SAWAIPUR  251825074520001                8.55  25.306944  74.866667
22          SOPURA  253615074540001                8.68  25.604167  74.900000
23  Taswaria Khurd  253340074480001               12.68  25.561111  74.800000
24          TILOLI  253551074184801               13.55  25.597500  74.313333





      station_name       station_id  water_level (in m)        lat       long
0         AMARWASI  254315075211501                1.24  25.720833  75.354167
1           BADNOR  255000074170001                2.08  25.833333  74.283333
2          BARASNI  254530074280001                6.90  25.758333  74.466667
3            BIGOD  251440075023001                4.90  25.244444  75.041667
4          BIJOLIA  251012075192201                5.39  25.170000  75.322778
5           BORANI  254100075200001                8.79  25.683333  75.333333
6          DEVARIA  251700074093001                7.37  25.283333  74.158333
7           GAGEDA  255200074330001                7.48  25.866667  74.550000
8        GANGAPUR1  251300074153501                9.58  25.216667  74.259722
9        GULABPURA  255400074410001                2.01  25.900000  74.683333
10      GULABPURA1  253820075065501                7.40  25.638889  75.115278
11       HAMIRGARH  251050074345001               11.59  25.180556  74.580556
12        JAHAJPUR  253715075163001                3.21  25.620833  75.275000
13      JIWANLIYAN  253056074332801                6.58  25.515556  74.557778
14    KANCHAN-KALA  254520074542001                1.98  25.755556  74.905556
15        KODUKOTA  252230074463001                2.76  25.375000  74.775000
16          KOTARI  252350074533001                7.28  25.397222  74.891667
17     MANDAPIA RS  251610074381501                6.23  25.269444  74.637500
18        NANGPURA  252715074111501               11.38  25.454167  74.187500
19          PAROLI  253104075053001                2.10  25.517778  75.091667
20       PITAKHERA  252226074063001               10.80  25.373889  74.108333
21      RAILA ROAD  253800074360001                8.35  25.633333  74.600000
22       SALAWATIA  250650075154001               20.30  25.113889  75.261111
23        SAWAIPUR  251825074520001               12.16  25.306944  74.866667
24          SOPURA  253615074540001                8.78  25.604167  74.900000
25         SUWANA1  252100074420001                5.21  25.350000  74.700000
26  Taswaria Khurd  253340074480001               12.55  25.561111  74.800000
27          TILOLI  253551074184801                0.18  25.597500  74.313333





      station_name       station_id  water_level (in m)        lat       long
0         AMARWASI  254315075211501                1.69  25.720833  75.354167
1           BADNOR  255000074170001                1.39  25.833333  74.283333
2     BANERAMATAJI  252915074420001               12.88  25.487500  74.700000
3          BARASNI  254530074280001                7.58  25.758333  74.466667
4            BIGOD  251440075023001                6.31  25.244444  75.041667
5          BIJOLIA  251012075192201                4.79  25.170000  75.322778
6           BORANI  254100075200001               10.79  25.683333  75.333333
7        Dahimatha  253140074180301               23.23  25.527778  74.300833
8          DEVARIA  251700074093001               12.22  25.283333  74.158333
9           GAGEDA  255200074330001                5.69  25.866667  74.550000
10       GANGAPUR1  251300074153501                9.26  25.216667  74.259722
11       GULABPURA  255400074410001                4.07  25.900000  74.683333
12      GULABPURA1  253820075065501                8.03  25.638889  75.115278
13       HAMIRGARH  251050074345001               10.95  25.180556  74.580556
14        JAHAJPUR  253715075163001                6.47  25.620833  75.275000
15      JIWANLIYAN  253056074332801                6.92  25.515556  74.557778
16    KANCHAN-KALA  254520074542001                1.46  25.755556  74.905556
17          Karera  253100074160001               16.48  25.516667  74.266667
18        KODUKOTA  252230074463001                4.56  25.375000  74.775000
19          KOTARI  252350074533001                7.62  25.397222  74.891667
20         Ladpura  250915075071701                4.91  25.154167  75.121389
21     MANDAPIA RS  251610074381501                6.62  25.269444  74.637500
22        NANGPURA  252715074111501               12.93  25.454167  74.187500
23          PAROLI  253104075053001                2.25  25.517778  75.091667
24       PITAKHERA  252226074063001                5.71  25.373889  74.108333
25      RAILA ROAD  253800074360001                9.51  25.633333  74.600000
26       SALAWATIA  250650075154001               15.21  25.113889  75.261111
27        Sawaipur  251830074500001               21.60  25.308333  74.833333
28        SAWAIPUR  251825074520001                9.81  25.306944  74.866667
29          SOPURA  253615074540001                6.35  25.604167  74.900000
30         SUWANA1  252100074420001                5.21  25.350000  74.700000
31  Taswaria Khurd  253340074480001                9.91  25.561111  74.800000
32          TILOLI  253551074184801                3.60  25.597500  74.313333












      station_name       station_id  water_level (in m)        lat       long
0         AMARWASI  254315075211501                0.99  25.720833  75.354167
1           BADNOR  255000074170001                6.13  25.833333  74.283333
2     BANERAMATAJI  252915074420001               14.80  25.487500  74.700000
3          BARASNI  254530074280001               14.58  25.758333  74.466667
4            BIGOD  251440075023001                3.30  25.244444  75.041667
5          BIJOLIA  251012075192201                4.03  25.170000  75.322778
6           BORANI  254100075200001               16.49  25.683333  75.333333
7        Dahimatha  253140074180301               17.25  25.527778  74.300833
8       Daulatgarh  253800074164501                3.00  25.633333  74.279167
9          DEVARIA  251700074093001                7.40  25.283333  74.158333
10          GAGEDA  255200074330001                8.59  25.866667  74.550000
11       GANGAPUR1  251300074153501                5.48  25.216667  74.259722
12       GULABPURA  255400074410001               13.31  25.900000  74.683333
13      GULABPURA1  253820075065501                7.20  25.638889  75.115278
14       HAMIRGARH  251050074345001                2.09  25.180556  74.580556
15        JAHAJPUR  253715075163001                3.60  25.620833  75.275000
16      JIWANLIYAN  253056074332801                8.50  25.515556  74.557778
17    KANCHAN-KALA  254520074542001                3.80  25.755556  74.905556
18          Karera  253100074160001               20.15  25.516667  74.266667
19        KODUKOTA  252230074463001                4.00  25.375000  74.775000
20          KOTARI  252350074533001                6.57  25.397222  74.891667
21         Ladpura  250915075071701                5.30  25.154167  75.121389
22     MANDALGARH1  251700075053801                8.00  25.283333  75.093889
23     MANDAPIA RS  251610074381501                6.70  25.269444  74.637500
24        NANGPURA  252715074111501               20.28  25.454167  74.187500
25          PAROLI  253104075053001                2.00  25.517778  75.091667
26       PITAKHERA  252226074063001               13.70  25.373889  74.108333
27      RAILA ROAD  253800074360001                7.55  25.633333  74.600000
28          Raipur  252413074094001                6.00  25.403611  74.161111
29       SALAWATIA  250650075154001               16.00  25.113889  75.261111
30        SAWAIPUR  251825074520001                9.35  25.306944  74.866667
31          SOPURA  253615074540001                8.33  25.604167  74.900000
32         SUWANA1  252100074420001               17.20  25.350000  74.700000
33  Taswaria Khurd  253340074480001               10.45  25.561111  74.800000
34          TILOLI  253551074184801                2.15  25.597500  74.313333





      station_name       station_id  water_level (in m)        lat       long
0         AMARWASI  254315075211501                1.14  25.720833  75.354167
1           BADNOR  255000074170001                8.37  25.833333  74.283333
2     BANERAMATAJI  252915074420001               11.12  25.487500  74.700000
3          BARASNI  254530074280001               12.22  25.758333  74.466667
4      Bhagwanpura  252928075021201                7.90  25.491111  75.036667
5            BIGOD  251440075023001                5.68  25.244444  75.041667
6          BIJOLIA  251012075192201                3.54  25.170000  75.322778
7           BORANI  254100075200001                9.40  25.683333  75.333333
8        Dahimatha  253140074180301               16.14  25.527778  74.300833
9       Daulatgarh  253800074164501                5.77  25.633333  74.279167
10         DEVARIA  251700074093001               18.78  25.283333  74.158333
11          GAGEDA  255200074330001                7.18  25.866667  74.550000
12       GANGAPUR1  251300074153501                6.85  25.216667  74.259722
13       GULABPURA  255400074410001                6.42  25.900000  74.683333
14      GULABPURA1  253820075065501                8.76  25.638889  75.115278
15       HAMIRGARH  251050074345001                3.53  25.180556  74.580556
16        JAHAJPUR  253715075163001                4.08  25.620833  75.275000
17      JIWANLIYAN  253056074332801                8.14  25.515556  74.557778
18    KANCHAN-KALA  254520074542001                2.68  25.755556  74.905556
19          Karera  253100074160001               17.37  25.516667  74.266667
20        KODUKOTA  252230074463001                3.42  25.375000  74.775000
21          KOTARI  252350074533001                7.25  25.397222  74.891667
22         Ladpura  250915075071701                4.63  25.154167  75.121389
23     MANDALGARH1  251700075053801               11.00  25.283333  75.093889
24     MANDAPIA RS  251610074381501                8.51  25.269444  74.637500
25        NANGPURA  252715074111501               18.31  25.454167  74.187500
26          PAROLI  253104075053001                2.89  25.517778  75.091667
27       PITAKHERA  252226074063001               10.55  25.373889  74.108333
28      RAILA ROAD  253800074360001                7.51  25.633333  74.600000
29          Raipur  252413074094001                4.02  25.403611  74.161111
30       SALAWATIA  250650075154001               13.74  25.113889  75.261111
31        SAWAIPUR  251825074520001                9.43  25.306944  74.866667
32          SOPURA  253615074540001                5.75  25.604167  74.900000
33         SUWANA1  252100074420001                9.65  25.350000  74.700000
34  Taswaria Khurd  253340074480001                7.76  25.561111  74.800000
35          TILOLI  253551074184801                2.10  25.597500  74.313333





      station_name       station_id  water_level (in m)        lat       long
0         AMARWASI  254315075211501                0.93  25.720833  75.354167
1           BADNOR  255000074170001                9.10  25.833333  74.283333
2     BANERAMATAJI  252915074420001               11.80  25.487500  74.700000
3          BARASNI  254530074280001                8.00  25.758333  74.466667
4      Bhagwanpura  252928075021201                6.13  25.491111  75.036667
5            BIGOD  251440075023001                4.70  25.244444  75.041667
6          BIJOLIA  251012075192201                2.37  25.170000  75.322778
7           BORANI  254100075200001                5.16  25.683333  75.333333
8        Dahimatha  253140074180301               16.90  25.527778  74.300833
9       Daulatgarh  253800074164501                6.25  25.633333  74.279167
10         DEVARIA  251700074093001               24.40  25.283333  74.158333
11          GAGEDA  255200074330001                4.31  25.866667  74.550000
12       GANGAPUR1  251300074153501                5.81  25.216667  74.259722
13       GULABPURA  255400074410001                2.68  25.900000  74.683333
14      GULABPURA1  253820075065501               10.00  25.638889  75.115278
15       HAMIRGARH  251050074345001                4.27  25.180556  74.580556
16        JAHAJPUR  253715075163001                3.60  25.620833  75.275000
17      JIWANLIYAN  253056074332801                7.52  25.515556  74.557778
18    KANCHAN-KALA  254520074542001                0.12  25.755556  74.905556
19          Karera  253100074160001               15.03  25.516667  74.266667
20        KODUKOTA  252230074463001                1.38  25.375000  74.775000
21          KOTARI  252350074533001                6.70  25.397222  74.891667
22         Ladpura  250915075071701                2.80  25.154167  75.121389
23     MANDALGARH1  251700075053801                8.35  25.283333  75.093889
24     MANDAPIA RS  251610074381501                7.62  25.269444  74.637500
25        NANGPURA  252715074111501               13.11  25.454167  74.187500
26          PAROLI  253104075053001                3.22  25.517778  75.091667
27       PITAKHERA  252226074063001                4.63  25.373889  74.108333
28      RAILA ROAD  253800074360001                4.52  25.633333  74.600000
29          Raipur  252413074094001                2.70  25.403611  74.161111
30       SALAWATIA  250650075154001                7.07  25.113889  75.261111
31        SAWAIPUR  251825074520001                7.05  25.306944  74.866667
32          SOPURA  253615074540001                4.41  25.604167  74.900000
33         SUWANA1  252100074420001                5.98  25.350000  74.700000
34  Taswaria Khurd  253340074480001                4.37  25.561111  74.800000
35          TILOLI  253551074184801                0.91  25.597500  74.313333





      station_name       station_id  water_level (in m)        lat       long
0         AMARWASI  254315075211501                2.14  25.720833  75.354167
1           BADNOR  255000074170001                9.38  25.833333  74.283333
2     BANERAMATAJI  252915074420001               13.40  25.487500  74.700000
3          BARASNI  254530074280001               18.53  25.758333  74.466667
4      Bhagwanpura  252928075021201               11.30  25.491111  75.036667
5            BIGOD  251440075023001               10.10  25.244444  75.041667
6          BIJOLIA  251012075192201                5.33  25.170000  75.322778
7           BORANI  254100075200001               10.69  25.683333  75.333333
8        Dahimatha  253140074180301               17.37  25.527778  74.300833
9       Daulatgarh  253800074164501                7.56  25.633333  74.279167
10         DEVARIA  251700074093001               19.10  25.283333  74.158333
11          GAGEDA  255200074330001               11.41  25.866667  74.550000
12       GANGAPUR1  251300074153501               10.23  25.216667  74.259722
13       GULABPURA  255400074410001                7.01  25.900000  74.683333
14      GULABPURA1  253820075065501                7.90  25.638889  75.115278
15        JAHAJPUR  253715075163001                5.65  25.620833  75.275000
16      JIWANLIYAN  253056074332801               13.35  25.515556  74.557778
17    KANCHAN-KALA  254520074542001                6.76  25.755556  74.905556
18          Karera  253100074160001               20.40  25.516667  74.266667
19        KODUKOTA  252230074463001                6.89  25.375000  74.775000
20          KOTARI  252350074533001                8.97  25.397222  74.891667
21         Ladpura  250915075071701                6.50  25.154167  75.121389
22     MANDALGARH1  251700075053801               19.36  25.283333  75.093889
23     MANDAPIA RS  251610074381501               12.05  25.269444  74.637500
24        NANGPURA  252715074111501               26.40  25.454167  74.187500
25          PAROLI  253104075053001                3.45  25.517778  75.091667
26       PITAKHERA  252226074063001               19.16  25.373889  74.108333
27      RAILA ROAD  253800074360001               13.33  25.633333  74.600000
28       SALAWATIA  250650075154001               24.80  25.113889  75.261111
29        SAWAIPUR  251825074520001               14.21  25.306944  74.866667
30          SOPURA  253615074540001                5.86  25.604167  74.900000
31         SUWANA1  252100074420001                9.30  25.350000  74.700000
32  Taswaria Khurd  253340074480001               11.80  25.561111  74.800000
33          TILOLI  253551074184801                4.37  25.597500  74.313333





      station_name       station_id  water_level (in m)        lat       long
0         AMARWASI  254315075211501                0.49  25.720833  75.354167
1           BADNOR  255000074170001                8.88  25.833333  74.283333
2     BANERAMATAJI  252915074420001                4.48  25.487500  74.700000
3          BARASNI  254530074280001                7.78  25.758333  74.466667
4      Bhagwanpura  252928075021201                6.28  25.491111  75.036667
5            BIGOD  251440075023001                4.60  25.244444  75.041667
6          BIJOLIA  251012075192201                2.43  25.170000  75.322778
7           BORANI  254100075200001                5.24  25.683333  75.333333
8        Dahimatha  253140074180301               13.05  25.527778  74.300833
9       Daulatgarh  253800074164501                6.26  25.633333  74.279167
10         DEVARIA  251700074093001               24.20  25.283333  74.158333
11          GAGEDA  255200074330001                4.39  25.866667  74.550000
12       GANGAPUR1  251300074153501                5.88  25.216667  74.259722
13       GULABPURA  255400074410001                2.67  25.900000  74.683333
14      GULABPURA1  253820075065501                9.95  25.638889  75.115278
15       HAMIRGARH  251050074345001                4.24  25.180556  74.580556
16        JAHAJPUR  253715075163001                3.45  25.620833  75.275000
17      JIWANLIYAN  253056074332801                3.20  25.515556  74.557778
18    KANCHAN-KALA  254520074542001                0.05  25.755556  74.905556
19          Karera  253100074160001               13.90  25.516667  74.266667
20        KODUKOTA  252230074463001                1.40  25.375000  74.775000
21          KOTARI  252350074533001                6.77  25.397222  74.891667
22         Ladpura  250915075071701                3.90  25.154167  75.121389
23     MANDALGARH1  251700075053801                8.30  25.283333  75.093889
24     MANDAPIA RS  251610074381501                7.65  25.269444  74.637500
25        NANGPURA  252715074111501               13.43  25.454167  74.187500
26          PAROLI  253104075053001                2.90  25.517778  75.091667
27       PITAKHERA  252226074063001                4.70  25.373889  74.108333
28      RAILA ROAD  253800074360001                4.65  25.633333  74.600000
29          Raipur  252413074094001                3.35  25.403611  74.161111
30       SALAWATIA  250650075154001                7.10  25.113889  75.261111
31        SAWAIPUR  251825074520001                7.10  25.306944  74.866667
32          SOPURA  253615074540001                4.38  25.604167  74.900000
33         SUWANA1  252100074420001                6.10  25.350000  74.700000
34  Taswaria Khurd  253340074480001                4.40  25.561111  74.800000
35          TILOLI  253551074184801                0.95  25.597500  74.313333












Empty DataFrame
Columns: [station_name, station_id, water_level (in m), lat, long]
Index: []





      station_name       station_id  water_level (in m)        lat       long
0           BADNOR  255000074170001                5.98  25.833333  74.283333
1          BARASNI  254530074280001                9.73  25.758333  74.466667
2          BIJOLIA  251012075192201                2.53  25.170000  75.322778
3           BORANI  254100075200001               10.89  25.683333  75.333333
4        Dahimatha  253140074180301               10.80  25.527778  74.300833
5          DEVARIA  251700074093001               12.45  25.283333  74.158333
6           GAGEDA  255200074330001                7.24  25.866667  74.550000
7         Galodiya  251143074173901                6.50  25.195278  74.294167
8        GANGAPUR1  251300074153501                4.98  25.216667  74.259722
9       GULABPURA1  253820075065501                7.10  25.638889  75.115278
10        JAHAJPUR  253715075163001                6.50  25.620833  75.275000
11    KANCHAN-KALA  254520074542001                4.05  25.755556  74.905556
12          KOTARI  252350074533001                5.87  25.397222  74.891667
13         Ladpura  250915075071701                2.70  25.154167  75.121389
14     MANDAPIA RS  251610074381501                5.30  25.269444  74.637500
15        NANGPURA  252715074111501               11.93  25.454167  74.187500
16          PAROLI  253104075053001                2.85  25.517778  75.091667
17      RAILA ROAD  253800074360001                3.45  25.633333  74.600000
18          Raipur  252413074094001                1.00  25.403611  74.161111
19       SALAWATIA  250650075154001               16.40  25.113889  75.261111
20        SAWAIPUR  251825074520001                8.75  25.306944  74.866667
21          SOPURA  253615074540001                4.48  25.604167  74.900000
22         SUWANA1  252100074420001                4.95  25.350000  74.700000
23  Taswaria Khurd  253340074480001                5.85  25.561111  74.800000
24          TILOLI  253551074184801                2.95  25.597500  74.313333





      station_name       station_id  water_level (in m)        lat       long
0         AMARWASI  254315075211501                3.19  25.720833  75.354167
1           BADNOR  255000074170001                7.58  25.833333  74.283333
2     BANERAMATAJI  252915074420001               14.80  25.487500  74.700000
3          BARASNI  254530074280001               10.79  25.758333  74.466667
4      Bhagwanpura  252928075021201               11.30  25.491111  75.036667
5            BIGOD  251440075023001                7.77  25.244444  75.041667
6          BIJOLIA  251012075192201                5.63  25.170000  75.322778
7           BORANI  254100075200001               16.89  25.683333  75.333333
8        Dahimatha  253140074180301               22.75  25.527778  74.300833
9       Daulatgarh  253800074164501               13.70  25.633333  74.279167
10         DEVARIA  251700074093001               25.20  25.283333  74.158333
11          GAGEDA  255200074330001                5.99  25.866667  74.550000
12        Galodiya  251143074173901               15.10  25.195278  74.294167
13       GANGAPUR1  251300074153501               15.38  25.216667  74.259722
14       GULABPURA  255400074410001                4.01  25.900000  74.683333
15      GULABPURA1  253820075065501               11.60  25.638889  75.115278
16       HAMIRGARH  251050074345001               20.49  25.180556  74.580556
17        JAHAJPUR  253715075163001                8.10  25.620833  75.275000
18      JIWANLIYAN  253056074332801               14.40  25.515556  74.557778
19    KANCHAN-KALA  254520074542001                6.70  25.755556  74.905556
20          Karera  253100074160001               18.19  25.516667  74.266667
21        KODUKOTA  252230074463001               20.95  25.375000  74.775000
22          KOTARI  252350074533001               11.17  25.397222  74.891667
23         Ladpura  250915075071701                4.98  25.154167  75.121389
24     MANDALGARH1  251700075053801               24.80  25.283333  75.093889
25     MANDAPIA RS  251610074381501               16.40  25.269444  74.637500
26        NANGPURA  252715074111501               16.68  25.454167  74.187500
27          PAROLI  253104075053001                5.10  25.517778  75.091667
28       PITAKHERA  252226074063001               19.00  25.373889  74.108333
29      RAILA ROAD  253800074360001               14.45  25.633333  74.600000
30          Raipur  252413074094001                8.50  25.403611  74.161111
31       SALAWATIA  250650075154001               23.80  25.113889  75.261111
32        SAWAIPUR  251825074520001               15.65  25.306944  74.866667
33          SOPURA  253615074540001                9.28  25.604167  74.900000
34         SUWANA1  252100074420001               22.50  25.350000  74.700000
35  Taswaria Khurd  253340074480001               14.65  25.561111  74.800000
36          TILOLI  253551074184801               14.25  25.597500  74.313333





      station_name       station_id  water_level (in m)        lat       long
0         AMARWASI  254315075211501                1.01  25.720833  75.354167
1           BADNOR  255000074170001               11.19  25.833333  74.283333
2     BANERAMATAJI  252915074420001               13.25  25.487500  74.700000
3          BARASNI  254530074280001                9.32  25.758333  74.466667
4      Bhagwanpura  252928075021201                6.20  25.491111  75.036667
5          BIJOLIA  251012075192201                2.68  25.170000  75.322778
6           BORANI  254100075200001                5.82  25.683333  75.333333
7        Dahimatha  253140074180301               14.07  25.527778  74.300833
8       Daulatgarh  253800074164501                6.82  25.633333  74.279167
9          DEVARIA  251700074093001               23.95  25.283333  74.158333
10          GAGEDA  255200074330001                4.61  25.866667  74.550000
11       GANGAPUR1  251300074153501                6.28  25.216667  74.259722
12       GULABPURA  255400074410001                2.55  25.900000  74.683333
13      GULABPURA1  253820075065501               11.70  25.638889  75.115278
14        JAHAJPUR  253715075163001                2.93  25.620833  75.275000
15      JIWANLIYAN  253056074332801                3.30  25.515556  74.557778
16    KANCHAN-KALA  254520074542001                0.23  25.755556  74.905556
17          Karera  253100074160001               14.87  25.516667  74.266667
18        KODUKOTA  252230074463001                9.55  25.375000  74.775000
19          KOTARI  252350074533001               12.57  25.397222  74.891667
20         Ladpura  250915075071701                2.83  25.154167  75.121389
21     MANDALGARH1  251700075053801                8.40  25.283333  75.093889
22     MANDAPIA RS  251610074381501                8.90  25.269444  74.637500
23        NANGPURA  252715074111501               14.08  25.454167  74.187500
24          PAROLI  253104075053001                3.32  25.517778  75.091667
25       PITAKHERA  252226074063001                4.77  25.373889  74.108333
26      RAILA ROAD  253800074360001                8.35  25.633333  74.600000
27          Raipur  252413074094001                3.84  25.403611  74.161111
28       SALAWATIA  250650075154001                7.20  25.113889  75.261111
29        SAWAIPUR  251825074520001               14.45  25.306944  74.866667
30          SOPURA  253615074540001                9.18  25.604167  74.900000
31         SUWANA1  252100074420001                6.32  25.350000  74.700000
32  Taswaria Khurd  253340074480001               14.65  25.561111  74.800000
33          TILOLI  253551074184801                1.37  25.597500  74.313333





      station_name       station_id  water_level (in m)        lat       long
0         AMARWASI  254315075211501                2.10  25.720833  75.354167
1           BADNOR  255000074170001                8.25  25.833333  74.283333
2     BANERAMATAJI  252915074420001               14.03  25.487500  74.700000
3          BARASNI  254530074280001                9.95  25.758333  74.466667
4      Bhagwanpura  252928075021201                8.75  25.491111  75.036667
5            BIGOD  251440075023001                7.77  25.244444  75.041667
6          BIJOLIA  251012075192201                3.61  25.170000  75.322778
7           BORANI  254100075200001               11.20  25.683333  75.333333
8        Dahimatha  253140074180301               15.87  25.527778  74.300833
9       Daulatgarh  253800074164501               10.26  25.633333  74.279167
10         DEVARIA  251700074093001               20.53  25.283333  74.158333
11          GAGEDA  255200074330001                5.95  25.866667  74.550000
12        Galodiya  251143074173901               10.80  25.195278  74.294167
13       GANGAPUR1  251300074153501                8.88  25.216667  74.259722
14       GULABPURA  255400074410001                3.28  25.900000  74.683333
15      GULABPURA1  253820075065501               10.13  25.638889  75.115278
16       HAMIRGARH  251050074345001               20.49  25.180556  74.580556
17        JAHAJPUR  253715075163001                5.84  25.620833  75.275000
18      JIWANLIYAN  253056074332801                8.85  25.515556  74.557778
19    KANCHAN-KALA  254520074542001                3.66  25.755556  74.905556
20          Karera  253100074160001               16.53  25.516667  74.266667
21        KODUKOTA  252230074463001               15.25  25.375000  74.775000
22          KOTARI  252350074533001                9.87  25.397222  74.891667
23         Ladpura  250915075071701                3.50  25.154167  75.121389
24     MANDALGARH1  251700075053801               16.60  25.283333  75.093889
25     MANDAPIA RS  251610074381501               10.20  25.269444  74.637500
26        NANGPURA  252715074111501               14.23  25.454167  74.187500
27          PAROLI  253104075053001                3.76  25.517778  75.091667
28       PITAKHERA  252226074063001               11.89  25.373889  74.108333
29      RAILA ROAD  253800074360001                8.75  25.633333  74.600000
30          Raipur  252413074094001                4.45  25.403611  74.161111
31       SALAWATIA  250650075154001               15.80  25.113889  75.261111
32        SAWAIPUR  251825074520001               12.95  25.306944  74.866667
33          SOPURA  253615074540001                7.65  25.604167  74.900000
34         SUWANA1  252100074420001               11.26  25.350000  74.700000
35  Taswaria Khurd  253340074480001               11.72  25.561111  74.800000
36          TILOLI  253551074184801                6.19  25.597500  74.313333












      station_name       station_id  water_level (in m)        lat       long
0           BADNOR  255000074170001                4.08  25.833333  74.283333
1          BARASNI  254530074280001                6.88  25.758333  74.466667
2          BIJOLIA  251012075192201                5.13  25.170000  75.322778
3           BORANI  254100075200001               17.19  25.683333  75.333333
4        Dahimatha  253140074180301               16.95  25.527778  74.300833
5          DEVARIA  251700074093001               21.30  25.283333  74.158333
6           GAGEDA  255200074330001               13.67  25.866667  74.550000
7         Galodiya  251143074173901               14.00  25.195278  74.294167
8        GANGAPUR1  251300074153501                6.68  25.216667  74.259722
9       GULABPURA1  253820075065501                5.70  25.638889  75.115278
10        JAHAJPUR  253715075163001                7.80  25.620833  75.275000
11    KANCHAN-KALA  254520074542001                6.90  25.755556  74.905556
12          KOTARI  252350074533001                8.37  25.397222  74.891667
13         Ladpura  250915075071701                4.20  25.154167  75.121389
14     MANDAPIA RS  251610074381501               11.30  25.269444  74.637500
15        NANGPURA  252715074111501               29.68  25.454167  74.187500
16          PAROLI  253104075053001                3.25  25.517778  75.091667
17      RAILA ROAD  253800074360001                8.30  25.633333  74.600000
18          Raipur  252413074094001                6.70  25.403611  74.161111
19       SALAWATIA  250650075154001               24.50  25.113889  75.261111
20        SAWAIPUR  251825074520001               13.75  25.306944  74.866667
21          SOPURA  253615074540001                7.68  25.604167  74.900000
22         SUWANA1  252100074420001               12.50  25.350000  74.700000
23  Taswaria Khurd  253340074480001               12.75  25.561111  74.800000
24          TILOLI  253551074184801                2.55  25.597500  74.313333





      station_name       station_id  water_level (in m)        lat       long
0           BADNOR  255000074170001                3.74  25.833333  74.283333
1          BARASNI  254530074280001                8.36  25.758333  74.466667
2          BIJOLIA  251012075192201                5.01  25.170000  75.322778
3           BORANI  254100075200001               16.25  25.683333  75.333333
4        Dahimatha  253140074180301               17.25  25.527778  74.300833
5          DEVARIA  251700074093001               18.19  25.283333  74.158333
6           GAGEDA  255200074330001               13.57  25.866667  74.550000
7         Galodiya  251143074173901               12.98  25.195278  74.294167
8        GANGAPUR1  251300074153501                7.99  25.216667  74.259722
9       GULABPURA1  253820075065501                4.22  25.638889  75.115278
10        JAHAJPUR  253715075163001                9.27  25.620833  75.275000
11    KANCHAN-KALA  254520074542001                5.66  25.755556  74.905556
12          KOTARI  252350074533001                8.75  25.397222  74.891667
13         Ladpura  250915075071701                8.48  25.154167  75.121389
14     MANDAPIA RS  251610074381501               12.64  25.269444  74.637500
15        NANGPURA  252715074111501               23.52  25.454167  74.187500
16          PAROLI  253104075053001                2.83  25.517778  75.091667
17      RAILA ROAD  253800074360001                8.29  25.633333  74.600000
18          Raipur  252413074094001                6.54  25.403611  74.161111
19       SALAWATIA  250650075154001               20.27  25.113889  75.261111
20        SAWAIPUR  251825074520001               10.90  25.306944  74.866667
21          SOPURA  253615074540001                6.21  25.604167  74.900000
22         SUWANA1  252100074420001                7.85  25.350000  74.700000
23  Taswaria Khurd  253340074480001               12.93  25.561111  74.800000
24          TILOLI  253551074184801                3.94  25.597500  74.313333





      station_name       station_id  water_level (in m)        lat       long
0           BADNOR  255000074170001                2.30  25.833333  74.283333
1          BARASNI  254530074280001                1.43  25.758333  74.466667
2          BIJOLIA  251012075192201                3.06  25.170000  75.322778
3           BORANI  254100075200001               12.49  25.683333  75.333333
4        Dahimatha  253140074180301               10.94  25.527778  74.300833
5          DEVARIA  251700074093001                7.85  25.283333  74.158333
6           GAGEDA  255200074330001                2.89  25.866667  74.550000
7         Galodiya  251143074173901                7.07  25.195278  74.294167
8        GANGAPUR1  251300074153501                3.38  25.216667  74.259722
9       GULABPURA1  253820075065501                1.15  25.638889  75.115278
10        JAHAJPUR  253715075163001                7.35  25.620833  75.275000
11    KANCHAN-KALA  254520074542001                2.47  25.755556  74.905556
12          KOTARI  252350074533001                3.37  25.397222  74.891667
13         Ladpura  250915075071701                5.05  25.154167  75.121389
14     MANDAPIA RS  251610074381501                6.14  25.269444  74.637500
15        NANGPURA  252715074111501                5.29  25.454167  74.187500
16          PAROLI  253104075053001                1.58  25.517778  75.091667
17      RAILA ROAD  253800074360001                2.55  25.633333  74.600000
18          Raipur  252413074094001                1.01  25.403611  74.161111
19       SALAWATIA  250650075154001               10.43  25.113889  75.261111
20        SAWAIPUR  251825074520001                1.84  25.306944  74.866667
21          SOPURA  253615074540001                2.03  25.604167  74.900000
22         SUWANA1  252100074420001                0.59  25.350000  74.700000
23  Taswaria Khurd  253340074480001                4.60  25.561111  74.800000
24          TILOLI  253551074184801                0.35  25.597500  74.313333





      station_name       station_id  water_level (in m)        lat       long
0           BADNOR  255000074170001                3.98  25.833333  74.283333
1          BARASNI  254530074280001               11.43  25.758333  74.466667
2          BIJOLIA  251012075192201                5.53  25.170000  75.322778
3           BORANI  254100075200001               16.74  25.683333  75.333333
4        Dahimatha  253140074180301               19.55  25.527778  74.300833
5          DEVARIA  251700074093001               19.75  25.283333  74.158333
6           GAGEDA  255200074330001               18.24  25.866667  74.550000
7         Galodiya  251143074173901               14.55  25.195278  74.294167
8        GANGAPUR1  251300074153501                9.73  25.216667  74.259722
9       GULABPURA1  253820075065501                5.80  25.638889  75.115278
10        JAHAJPUR  253715075163001               12.65  25.620833  75.275000
11    KANCHAN-KALA  254520074542001                5.90  25.755556  74.905556
12          KOTARI  252350074533001               11.07  25.397222  74.891667
13         Ladpura  250915075071701               11.85  25.154167  75.121389
14     MANDAPIA RS  251610074381501               15.80  25.269444  74.637500
15        NANGPURA  252715074111501               28.33  25.454167  74.187500
16          PAROLI  253104075053001                3.15  25.517778  75.091667
17      RAILA ROAD  253800074360001               10.75  25.633333  74.600000
18          Raipur  252413074094001                8.65  25.403611  74.161111
19       SALAWATIA  250650075154001               21.65  25.113889  75.261111
20        SAWAIPUR  251825074520001               13.75  25.306944  74.866667
21          SOPURA  253615074540001                7.23  25.604167  74.900000
22         SUWANA1  252100074420001                8.15  25.350000  74.700000
23  Taswaria Khurd  253340074480001               16.50  25.561111  74.800000
24          TILOLI  253551074184801                5.90  25.597500  74.313333





      station_name       station_id  water_level (in m)        lat       long
0           BADNOR  255000074170001                4.58  25.833333  74.283333
1          BARASNI  254530074280001               13.68  25.758333  74.466667
2          BIJOLIA  251012075192201                6.33  25.170000  75.322778
3           BORANI  254100075200001               18.59  25.683333  75.333333
4        Dahimatha  253140074180301               21.55  25.527778  74.300833
5          DEVARIA  251700074093001               23.85  25.283333  74.158333
6           GAGEDA  255200074330001               19.49  25.866667  74.550000
7         Galodiya  251143074173901               16.30  25.195278  74.294167
8        GANGAPUR1  251300074153501               12.18  25.216667  74.259722
9     KANCHAN-KALA  254520074542001                7.35  25.755556  74.905556
10          KOTARI  252350074533001               12.17  25.397222  74.891667
11         Ladpura  250915075071701               12.80  25.154167  75.121389
12     MANDAPIA RS  251610074381501               17.30  25.269444  74.637500
13        NANGPURA  252715074111501               30.78  25.454167  74.187500
14          PAROLI  253104075053001                3.35  25.517778  75.091667
15      RAILA ROAD  253800074360001               11.55  25.633333  74.600000
16          Raipur  252413074094001                9.80  25.403611  74.161111
17       SALAWATIA  250650075154001               24.50  25.113889  75.261111
18        SAWAIPUR  251825074520001               14.25  25.306944  74.866667
19          SOPURA  253615074540001                7.88  25.604167  74.900000
20         SUWANA1  252100074420001               10.15  25.350000  74.700000
21  Taswaria Khurd  253340074480001               17.85  25.561111  74.800000
22          TILOLI  253551074184801                6.95  25.597500  74.313333












      station_name       station_id  water_level (in m)        lat       long
0           BADNOR  255000074170001                5.38  25.833333  74.283333
1          BARASNI  254530074280001                4.18  25.758333  74.466667
2          BIJOLIA  251012075192201                4.18  25.170000  75.322778
3           BORANI  254100075200001               14.99  25.683333  75.333333
4        Dahimatha  253140074180301                9.90  25.527778  74.300833
5           GAGEDA  255200074330001                5.39  25.866667  74.550000
6         Galodiya  251143074173901               20.80  25.195278  74.294167
7        GANGAPUR1  251300074153501                5.73  25.216667  74.259722
8       GULABPURA1  253820075065501                1.40  25.638889  75.115278
9         JAHAJPUR  253715075163001                6.10  25.620833  75.275000
10    KANCHAN-KALA  254520074542001                2.10  25.755556  74.905556
11          KOTARI  252350074533001                4.52  25.397222  74.891667
12         Ladpura  250915075071701                4.55  25.154167  75.121389
13     MANDAPIA RS  251610074381501                2.80  25.269444  74.637500
14        NANGPURA  252715074111501               23.38  25.454167  74.187500
15          PAROLI  253104075053001                2.45  25.517778  75.091667
16      RAILA ROAD  253800074360001                7.85  25.633333  74.600000
17          Raipur  252413074094001                5.60  25.403611  74.161111
18       SALAWATIA  250650075154001               19.60  25.113889  75.261111
19        SAWAIPUR  251825074520001               10.25  25.306944  74.866667
20          SOPURA  253615074540001                3.48  25.604167  74.900000
21         SUWANA1  252100074420001                2.90  25.350000  74.700000
22  Taswaria Khurd  253340074480001                9.05  25.561111  74.800000
23          TILOLI  253551074184801                0.30  25.597500  74.313333





Empty DataFrame
Columns: [station_name, station_id, water_level (in m), lat, long]
Index: []





      station_name       station_id  water_level (in m)        lat       long
0           BADNOR  255000074170001                3.88  25.833333  74.283333
1          BARASNI  254530074280001                2.22  25.758333  74.466667
2          BIJOLIA  251012075192201                1.06  25.170000  75.322778
3           BORANI  254100075200001                1.77  25.683333  75.333333
4        Dahimatha  253140074180301                7.65  25.527778  74.300833
5          DEVARIA  251700074093001               17.90  25.283333  74.158333
6           GAGEDA  255200074330001                5.79  25.866667  74.550000
7         Galodiya  251143074173901               17.70  25.195278  74.294167
8        GANGAPUR1  251300074153501                4.82  25.216667  74.259722
9       GULABPURA1  253820075065501                0.10  25.638889  75.115278
10        JAHAJPUR  253715075163001                4.43  25.620833  75.275000
11    KANCHAN-KALA  254520074542001                0.63  25.755556  74.905556
12          KOTARI  252350074533001                1.41  25.397222  74.891667
13     MANDAPIA RS  251610074381501                2.50  25.269444  74.637500
14        NANGPURA  252715074111501               18.38  25.454167  74.187500
15          PAROLI  253104075053001                1.78  25.517778  75.091667
16      RAILA ROAD  253800074360001                5.65  25.633333  74.600000
17          Raipur  252413074094001                3.00  25.403611  74.161111
18       SALAWATIA  250650075154001                2.05  25.113889  75.261111
19        SAWAIPUR  251825074520001                6.40  25.306944  74.866667
20          SOPURA  253615074540001                2.93  25.604167  74.900000
21         SUWANA1  252100074420001                0.60  25.350000  74.700000
22  Taswaria Khurd  253340074480001                4.25  25.561111  74.800000
23          TILOLI  253551074184801                0.95  25.597500  74.313333





      station_name       station_id  water_level (in m)        lat       long
0           BADNOR  255000074170001                3.08  25.833333  74.283333
1          BARASNI  254530074280001                1.38  25.758333  74.466667
2          BIJOLIA  251012075192201                3.75  25.170000  75.322778
3           BORANI  254100075200001               11.84  25.683333  75.333333
4        Dahimatha  253140074180301                6.75  25.527778  74.300833
5          DEVARIA  251700074093001                9.80  25.283333  74.158333
6           GAGEDA  255200074330001                3.63  25.866667  74.550000
7         Galodiya  251143074173901                8.50  25.195278  74.294167
8        GANGAPUR1  251300074153501                4.36  25.216667  74.259722
9       GULABPURA1  253820075065501                3.50  25.638889  75.115278
10        JAHAJPUR  253715075163001               10.80  25.620833  75.275000
11    KANCHAN-KALA  254520074542001                0.90  25.755556  74.905556
12         Ladpura  250915075071701                3.95  25.154167  75.121389
13     MANDAPIA RS  251610074381501                5.60  25.269444  74.637500
14        NANGPURA  252715074111501               19.88  25.454167  74.187500
15          PAROLI  253104075053001                1.70  25.517778  75.091667
16      RAILA ROAD  253800074360001                4.20  25.633333  74.600000
17          Raipur  252413074094001                1.80  25.403611  74.161111
18       SALAWATIA  250650075154001               21.48  25.113889  75.261111
19        SAWAIPUR  251825074520001                6.20  25.306944  74.866667
20          SOPURA  253615074540001                2.23  25.604167  74.900000
21         SUWANA1  252100074420001                3.55  25.350000  74.700000
22  Taswaria Khurd  253340074480001                6.09  25.561111  74.800000
23          TILOLI  253551074184801                0.05  25.597500  74.313333





      station_name       station_id  water_level (in m)        lat       long
0           BADNOR  255000074170001                4.11  25.833333  74.283333
1          BARASNI  254530074280001                2.59  25.758333  74.466667
2          BIJOLIA  251012075192201                3.00  25.170000  75.322778
3           BORANI  254100075200001                9.53  25.683333  75.333333
4        Dahimatha  253140074180301                8.10  25.527778  74.300833
5          DEVARIA  251700074093001               13.85  25.283333  74.158333
6           GAGEDA  255200074330001                4.94  25.866667  74.550000
7         Galodiya  251143074173901               15.67  25.195278  74.294167
8        GANGAPUR1  251300074153501                4.97  25.216667  74.259722
9       GULABPURA1  253820075065501                1.67  25.638889  75.115278
10        JAHAJPUR  253715075163001                7.11  25.620833  75.275000
11    KANCHAN-KALA  254520074542001                1.21  25.755556  74.905556
12          KOTARI  252350074533001                2.97  25.397222  74.891667
13         Ladpura  250915075071701                4.25  25.154167  75.121389
14     MANDAPIA RS  251610074381501                3.63  25.269444  74.637500
15        NANGPURA  252715074111501               20.55  25.454167  74.187500
16          PAROLI  253104075053001                1.98  25.517778  75.091667
17      RAILA ROAD  253800074360001                5.90  25.633333  74.600000
18          Raipur  252413074094001                3.47  25.403611  74.161111
19       SALAWATIA  250650075154001               14.38  25.113889  75.261111
20        SAWAIPUR  251825074520001                7.62  25.306944  74.866667
21          SOPURA  253615074540001                2.88  25.604167  74.900000
22         SUWANA1  252100074420001                2.35  25.350000  74.700000
23  Taswaria Khurd  253340074480001                6.46  25.561111  74.800000
24          TILOLI  253551074184801                0.43  25.597500  74.313333












